100
1002
101
1012
103
104
1043
1045
105
1054
106
107
109
1094
1095
110
111
112
113
114
115
1156
116
118
119
120
121
1218
1219
122
1222
123
1248
127
1275
128
129
130
131
132
134
135
136
137
138
139
141
142
1421
143
1441
145
147
148
149
151
152
155
156
1564
157
158
159
161
162
163
1639
164
165
166
168
169
170
171
1717
172
174
175
1758
177
179
1792
180
183
184
185
1870
188
191
193
194
1940
197
201
2036
2045
205
206
209
211
214
215
217
2178
2188
219
220
221
222
223
226
228
230
234
236
237
238
239
2394
240
245
246
249
250
2508
251
253
257
258
260
261
262
265
267
269
270
271
272
273
278
283
284
286
287
290
292
295
297
303
307
308
314
316
317
320
321
324
325
327
331
334
336
338
339
340
3406
342
3433
348
350
352
355
357
3603
363
366
369
370
376
377
384
3894
390
391
3928
393
398
413
417
418
422
424
433
439
442
452
459
462
463
468
470
472
473
474
479
487
491
495
511
5117
518
523
531
534
537
540
542
543
545
546
548
552
553
561
567
576
588
589
592
595
601
602
609
622
625
629
632
642
658
684
693
70
71
716
72
721
728
73
737
74
75
76
77
774
78
79
796
80
804
81
82
825
83
832
84
85
86
87
876
88
882
886
89
90
901
905
91
92
94
945
949
95
959
97
98
99
post_cnt
